M1=1.000000 Msun
M2=0.010000 Msun
e=0.300
i=0.000
P=1.000
a=1.003
Ts=6000.000000
Mp=1.044e+24
Ngas=492474
Md=1.044e+22
Ndust=492474
UnitVelocity_in_cm_per_s 4.756137e+05
UnitMass_in_g 5.088373e+31
UnitLength_in_cm 1.500949e+13
